embed_size=64, 
lr=0.0100, 
regs=[1e-5,1e-5,1e-2], 
Best Iter=[4]@[6203.4]	recall=[0.02863	0.04823	0.06469	0.07896	0.09195], 
precision=[0.01217	0.01049	0.00950	0.00877	0.00823], 
hit=[0.18572	0.28492	0.35477	0.40945	0.45231], 
ndcg=[0.05663	0.07923	0.09630	0.11031	0.12247]
