embed_size=64, 
lr=0.0005, 
layer_size=[64,64,64], 
node_dropout=[0.1], 
mess_dropout=[0.1,0.1,0.1], 
regs=[1e-5], adj_type=norm
Best Iter=[4]@[24891.5]	recall=[0.02950	0.05121	0.06921	0.08460	0.09891], 
precision=[0.01262	0.01109	0.01013	0.00940	0.00886], 
hit=[0.19324	0.29754	0.37111	0.42609	0.47079], 
ndcg=[0.05756	0.08163	0.09983	0.11456	0.12762]
