embed_size=64, 
lr=0.0100, 
layer_size=[64],
regs=[1e-5,1e-5,1e-2], 
Best Iter=[3]@[7143.5]	recall=[0.01788	0.03180	0.04414	0.05566	0.06602], 
precision=[0.00770	0.00699	0.00655	0.00623	0.00596], 
hit=[0.12871	0.21199	0.27464	0.32628	0.36796], 
ndcg=[0.03850	0.05619	0.07004	0.08213	0.09261], 
