embed_size=64, 
lr=0.0100, regs=[1e-5,1e-5,1e-2], 
Best Iter=[4]@[1698.7]	recall=[0.13517	0.19131	0.23297	0.26730	0.29587], 
precision=[0.04130	0.02948	0.02408	0.02081	0.01851], 
hit=[0.49555	0.59800	0.65899	0.70092	0.73190], 
ndcg=[0.21299	0.24834	0.27169	0.28958	0.30395]
