embed_size=64, 
lr=0.0001, 
layer_size=[64,64,64], 
node_dropout=[0.1], 
mess_dropout=[0.1,0.1,0.1], 
regs=[1e-5], 
adj_type=norm
Best Iter=[4]@[4529.0]	recall=[0.12715	0.17770	0.21567	0.24681	0.27315], 
precision=[0.03942	0.02784	0.02271	0.01962	0.01746], 
hit=[0.48449	0.58477	0.64489	0.68809	0.72038], 
ndcg=[0.20717	0.24076	0.26314	0.28034	0.29417]
