embed_size=64, 
lr=0.0100, 
layer_size=[64], 
regs=[1e-5,1e-5,1e-2], 
Best Iter=[4]@[1930.2]	recall=[0.08559	0.13720	0.17939	0.21382	0.24236], 
precision=[0.02435	0.02001	0.01757	0.01589	0.01453], 
hit=[0.34912	0.48252	0.56742	0.62851	0.66964], 
ndcg=[0.10944	0.14459	0.16965	0.18961	0.20526], 
